545 221
459 186
337 143
255 198
206 159
131 193
89 185
70 204
62 276
70 363
76 415
81 461
65 564
76 683
70 780
52 784
72 905
93 969
110 1058
106 1175
124 1212
184 1156
325 1141
383 1196
438 1187
488 1170
505 1198
577 1193
607 1215
706 1215
749 1221
772 1206
811 1212
834 1237
864 1241
873 1219
925 1218
1028 1280
1053 1262
1095 1266
1147 1278
1163 1262
1205 1256
1238 1257
1273 1241
1302 1237
1353 1250
1398 1234
1571 1290
1721 1253
1832 1288
1944 1310
2026 1345
2053 1357
2110 1343
2135 1338
2276 1191
2314 1081
2304 1027
2327 981
2323 721
2304 646
2289 594
2254 546
1998 271
1909 179
1806 143
1697 85
1529 95
1213 120
1092 173
1055 172
1003 223
885 727
272 683
383 988
259 982
513 986
873 1028
2092 1159
1614 492
