107 55
72 79
56 130
57 170
54 221
56 235
53 250
53 283
54 437
172 89
163 145
158 173
150 403
198 102
213 50
303 22
322 43
335 58
316 107
263 107
303 233
258 451
413 235
450 392
479 252
478 84
515 37
580 25
574 74
561 103
566 187
575 248
575 391
574 426
562 446
569 459
518 476
372 474
305 473
217 470
576 475
62 465
55 94
60 72
256 472
151 470
514 20
579 442
581 17
546 296
256 423
151 412
424 245
160 160
256 85
587 78
419 232
427 238
53 128
64 119
54 111
51 146
518 468
373 460
304 457
219 459
213 276
320 98
422 199
489 89
583 204
153 291
363 181
580 375
584 361
580 428
