565 26
601 47
620 93
620 130
626 177
623 188
627 201
628 234
627 392
494 64
503 112
509 141
517 353
463 79
446 34
347 11
324 32
311 45
331 90
391 87
344 204
393 410
217 206
171 352
142 223
149 74
107 30
32 19
40 62
52 88
44 165
31 217
22 352
25 388
41 408
31 426
85 457
256 455
336 453
439 446
18 456
617 437
623 60
616 39
393 449
517 443
107 12
17 404
32 9
65 272
393 389
516 362
204 217
506 129
400 66
23 68
209 202
201 211
625 91
612 83
625 75
627 108
86 438
256 430
336 425
437 428
449 237
329 82
208 172
140 77
25 181
515 260
278 153
20 333
16 318
18 387
