846 668
693 643
618 644
536 678
485 659
422 664
360 661
332 701
330 769
339 846
345 891
354 932
337 1038
350 1151
345 1250
327 1258
357 1366
377 1416
395 1479
390 1582
413 1629
478 1625
626 1625
691 1620
728 1617
792 1615
826 1617
876 1615
904 1614
1024 1602
1092 1609
1100 1599
1140 1602
1148 1607
1170 1609
1176 1595
1208 1592
1373 1599
1386 1589
1436 1589
1487 1595
1506 1584
1547 1589
1584 1590
1619 1585
1659 1580
1703 1587
1750 1570
1924 1570
2096 1559
2194 1557
2294 1559
2383 1545
2417 1545
2460 1521
2493 1509
2658 1354
2686 1218
2683 1160
2704 1110
2699 871
2681 822
2663 781
2629 749
2365 536
2272 473
2157 453
2056 422
1880 422
1552 497
1419 543
1376 546
1323 601
1188 1068
550 1118
708 1379
556 1358
831 1344
1200 1339
2397 1260
1944 761
